xof 0302txt 0064

Mesh Body0 {
216;
-0.7;0.1;0.7;,
-0.7;0;0.3;,
-0.7;0;0.7;,
-0.7;0.1;0.3;,
-0.7;0.1;0.2;,
-0.7;0;-0.2;,
-0.7;0;0.2;,
-0.7;0.1;-0.2;,
-0.7;0.1;-0.3;,
-0.7;0;-0.7;,
-0.7;0;-0.3;,
-0.7;0.1;-0.7;,
-0.2;0.1;0.7;,
-0.2;0;0.3;,
-0.2;0;0.7;,
-0.2;0.1;0.3;,
-0.2;0.1;0.2;,
-0.2;0;-0.2;,
-0.2;0;0.2;,
-0.2;0.1;-0.2;,
-0.2;0.1;-0.3;,
-0.2;0;-0.7;,
-0.2;0;-0.3;,
-0.2;0.1;-0.7;,
0.3;0.1;0.7;,
0.3;0;0.3;,
0.3;0;0.7;,
0.3;0.1;0.3;,
0.3;0.1;0.2;,
0.3;0;-0.2;,
0.3;0;0.2;,
0.3;0.1;-0.2;,
0.3;0.1;-0.3;,
0.3;0;-0.7;,
0.3;0;-0.3;,
0.3;0.1;-0.7;,
-0.3;0;0.7;,
-0.3;0;0.3;,
-0.3;0.1;0.7;,
-0.3;0.1;0.3;,
-0.3;0;0.2;,
-0.3;0;-0.2;,
-0.3;0.1;0.2;,
-0.3;0.1;-0.2;,
-0.3;0;-0.3;,
-0.3;0;-0.7;,
-0.3;0.1;-0.3;,
-0.3;0.1;-0.7;,
0.2;0;0.7;,
0.2;0;0.3;,
0.2;0.1;0.7;,
0.2;0.1;0.3;,
0.2;0;0.2;,
0.2;0;-0.2;,
0.2;0.1;0.2;,
0.2;0.1;-0.2;,
0.2;0;-0.3;,
0.2;0;-0.7;,
0.2;0.1;-0.3;,
0.2;0.1;-0.7;,
0.7;0;0.7;,
0.7;0;0.3;,
0.7;0.1;0.7;,
0.7;0.1;0.3;,
0.7;0;0.2;,
0.7;0;-0.2;,
0.7;0.1;0.2;,
0.7;0.1;-0.2;,
0.7;0;-0.3;,
0.7;0;-0.7;,
0.7;0.1;-0.3;,
0.7;0.1;-0.7;,
-0.3;0;0.7;,
-0.7;0.1;0.7;,
-0.7;0;0.7;,
-0.3;0.1;0.7;,
0.2;0;0.7;,
-0.2;0.1;0.7;,
-0.2;0;0.7;,
0.2;0.1;0.7;,
0.7;0;0.7;,
0.3;0.1;0.7;,
0.3;0;0.7;,
0.7;0.1;0.7;,
-0.3;0;0.2;,
-0.7;0.1;0.2;,
-0.7;0;0.2;,
-0.3;0.1;0.2;,
0.2;0;0.2;,
-0.2;0.1;0.2;,
-0.2;0;0.2;,
0.2;0.1;0.2;,
0.7;0;0.2;,
0.3;0.1;0.2;,
0.3;0;0.2;,
0.7;0.1;0.2;,
-0.3;0;-0.3;,
-0.7;0.1;-0.3;,
-0.7;0;-0.3;,
-0.3;0.1;-0.3;,
0.2;0;-0.3;,
-0.2;0.1;-0.3;,
-0.2;0;-0.3;,
0.2;0.1;-0.3;,
0.7;0;-0.3;,
0.3;0.1;-0.3;,
0.3;0;-0.3;,
0.7;0.1;-0.3;,
-0.7;0;0.3;,
-0.7;0.1;0.3;,
-0.3;0;0.3;,
-0.3;0.1;0.3;,
-0.2;0;0.3;,
-0.2;0.1;0.3;,
0.2;0;0.3;,
0.2;0.1;0.3;,
0.3;0;0.3;,
0.3;0.1;0.3;,
0.7;0;0.3;,
0.7;0.1;0.3;,
-0.7;0;-0.2;,
-0.7;0.1;-0.2;,
-0.3;0;-0.2;,
-0.3;0.1;-0.2;,
-0.2;0;-0.2;,
-0.2;0.1;-0.2;,
0.2;0;-0.2;,
0.2;0.1;-0.2;,
0.3;0;-0.2;,
0.3;0.1;-0.2;,
0.7;0;-0.2;,
0.7;0.1;-0.2;,
-0.7;0;-0.7;,
-0.7;0.1;-0.7;,
-0.3;0;-0.7;,
-0.3;0.1;-0.7;,
-0.2;0;-0.7;,
-0.2;0.1;-0.7;,
0.2;0;-0.7;,
0.2;0.1;-0.7;,
0.3;0;-0.7;,
0.3;0.1;-0.7;,
0.7;0;-0.7;,
0.7;0.1;-0.7;,
-0.7;0;0.3;,
-0.3;0;0.7;,
-0.7;0;0.7;,
-0.3;0;0.3;,
-0.2;0;0.3;,
0.2;0;0.7;,
-0.2;0;0.7;,
0.2;0;0.3;,
0.3;0;0.3;,
0.7;0;0.7;,
0.3;0;0.7;,
0.7;0;0.3;,
-0.7;0;-0.2;,
-0.3;0;0.2;,
-0.7;0;0.2;,
-0.3;0;-0.2;,
-0.2;0;-0.2;,
0.2;0;0.2;,
-0.2;0;0.2;,
0.2;0;-0.2;,
0.3;0;-0.2;,
0.7;0;0.2;,
0.3;0;0.2;,
0.7;0;-0.2;,
-0.7;0;-0.7;,
-0.3;0;-0.3;,
-0.7;0;-0.3;,
-0.3;0;-0.7;,
-0.2;0;-0.7;,
0.2;0;-0.3;,
-0.2;0;-0.3;,
0.2;0;-0.7;,
0.3;0;-0.7;,
0.7;0;-0.3;,
0.3;0;-0.3;,
0.7;0;-0.7;,
-0.7;0.1;0.7;,
-0.3;0.1;0.7;,
-0.7;0.1;0.3;,
-0.3;0.1;0.3;,
-0.2;0.1;0.7;,
0.2;0.1;0.7;,
-0.2;0.1;0.3;,
0.2;0.1;0.3;,
0.3;0.1;0.7;,
0.7;0.1;0.7;,
0.3;0.1;0.3;,
0.7;0.1;0.3;,
-0.7;0.1;0.2;,
-0.3;0.1;0.2;,
-0.7;0.1;-0.2;,
-0.3;0.1;-0.2;,
-0.2;0.1;0.2;,
0.2;0.1;0.2;,
-0.2;0.1;-0.2;,
0.2;0.1;-0.2;,
0.3;0.1;0.2;,
0.7;0.1;0.2;,
0.3;0.1;-0.2;,
0.7;0.1;-0.2;,
-0.7;0.1;-0.3;,
-0.3;0.1;-0.3;,
-0.7;0.1;-0.7;,
-0.3;0.1;-0.7;,
-0.2;0.1;-0.3;,
0.2;0.1;-0.3;,
-0.2;0.1;-0.7;,
0.2;0.1;-0.7;,
0.3;0.1;-0.3;,
0.7;0.1;-0.3;,
0.3;0.1;-0.7;,
0.7;0.1;-0.7;;


108;
3;0,1,2;,
3;3,1,0;,
3;4,5,6;,
3;7,5,4;,
3;8,9,10;,
3;11,9,8;,
3;12,13,14;,
3;15,13,12;,
3;16,17,18;,
3;19,17,16;,
3;20,21,22;,
3;23,21,20;,
3;24,25,26;,
3;27,25,24;,
3;28,29,30;,
3;31,29,28;,
3;32,33,34;,
3;35,33,32;,
3;36,37,38;,
3;38,37,39;,
3;40,41,42;,
3;42,41,43;,
3;44,45,46;,
3;46,45,47;,
3;48,49,50;,
3;50,49,51;,
3;52,53,54;,
3;54,53,55;,
3;56,57,58;,
3;58,57,59;,
3;60,61,62;,
3;62,61,63;,
3;64,65,66;,
3;66,65,67;,
3;68,69,70;,
3;70,69,71;,
3;72,73,74;,
3;75,73,72;,
3;76,77,78;,
3;79,77,76;,
3;80,81,82;,
3;83,81,80;,
3;84,85,86;,
3;87,85,84;,
3;88,89,90;,
3;91,89,88;,
3;92,93,94;,
3;95,93,92;,
3;96,97,98;,
3;99,97,96;,
3;100,101,102;,
3;103,101,100;,
3;104,105,106;,
3;107,105,104;,
3;108,109,110;,
3;110,109,111;,
3;112,113,114;,
3;114,113,115;,
3;116,117,118;,
3;118,117,119;,
3;120,121,122;,
3;122,121,123;,
3;124,125,126;,
3;126,125,127;,
3;128,129,130;,
3;130,129,131;,
3;132,133,134;,
3;134,133,135;,
3;136,137,138;,
3;138,137,139;,
3;140,141,142;,
3;142,141,143;,
3;144,145,146;,
3;147,145,144;,
3;148,149,150;,
3;151,149,148;,
3;152,153,154;,
3;155,153,152;,
3;156,157,158;,
3;159,157,156;,
3;160,161,162;,
3;163,161,160;,
3;164,165,166;,
3;167,165,164;,
3;168,169,170;,
3;171,169,168;,
3;172,173,174;,
3;175,173,172;,
3;176,177,178;,
3;179,177,176;,
3;180,181,182;,
3;182,181,183;,
3;184,185,186;,
3;186,185,187;,
3;188,189,190;,
3;190,189,191;,
3;192,193,194;,
3;194,193,195;,
3;196,197,198;,
3;198,197,199;,
3;200,201,202;,
3;202,201,203;,
3;204,205,206;,
3;206,205,207;,
3;208,209,210;,
3;210,209,211;,
3;212,213,214;,
3;214;213;215;;

}
